data;

param machines := 3;
param products := 4;

set prod_demand := (1, 400) (2, 100) (3, 150) (4, 500);
set prod_price := (1, 9) (2, 7) (3, 6) (4, 5);
set prod_cost := (1, 4) (2, 1) (3, 1) (4, 1);
# set manufacturing dimen 3 :=
#     (1, 1, 5 / 60), (1, 2, 10 / 60), (1, 3, 6 / 60),
#     (2, 1, 3 / 60), (2, 2, 6 / 60),  (2, 3, 4 / 60),
#     (3, 1, 4 / 60), (3, 2, 5 / 60),  (3, 3, 3 / 60),
#     (4, 1, 4 / 60), (4, 2, 2 / 60),  (4, 3, 1 / 60)};
set manufacturing :=
    (1, 1, 0.0833333333333333) (1, 2, 0.166666666666667) (1, 3, 0.1)
    (2, 1, 0.05) (2, 2, 0.1) (2, 3, 0.0666666666666667)
    (3, 1, 0.0666666666666667) (3, 2, 0.0833333333333333) (3, 3, 0.05)
    (4, 1, 0.0666666666666667) (4, 2, 0.0333333333333333) (4, 3, 0.0166666666666667);
set machine_cost := (1, 2) (2, 2) (3, 3);

end;
